0 129
0 111
0 2
0 3
0 4
0 121
0 6
0 7
0 8
0 109
0 10
1 129
1 89
1 13
1 423
1 15
1 16
1 366
1 408
1 180
1 60
1 21
1 22
1 387
1 24
1 25
1 413
1 272
1 381
1 29
2 129
2 31
2 32
2 33
2 174
2 35
2 272
2 37
2 38
2 124
2 40
2 41
2 42
2 43
2 44
2 45
2 401
2 47
2 48
2 49
2 50
3 129
3 52
3 53
3 54
3 55
3 56
3 57
3 58
3 404
3 60
3 61
3 62
3 63
3 64
3 180
3 344
3 67
3 393
3 69
3 423
4 129
4 72
4 73
4 74
4 75
4 76
4 77
4 78
4 79
4 80
4 81
4 423
4 366
4 84
5 129
5 86
5 87
5 88
5 89
5 90
5 91
5 92
5 93
5 94
5 95
5 96
5 97
5 98
5 99
5 100
5 101
6 129
6 103
6 150
6 105
6 200
7 396
7 392
7 109
7 110
7 111
7 112
7 129
7 114
7 115
7 116
7 117
7 118
7 119
7 120
7 121
7 381
7 123
8 124
8 125
8 414
8 380
8 417
8 129
8 130
8 169
8 132
8 409
9 205
9 135
9 381
9 137
9 138
9 423
9 140
9 148
10 205
10 143
11 205
11 381
11 146
11 147
11 148
11 149
11 150
11 180
11 152
11 423
11 272
12 205
12 156
12 157
12 158
12 253
12 160
12 161
12 162
12 163
12 387
13 205
13 166
13 167
13 387
13 169
13 170
13 195
13 381
13 173
13 174
13 175
13 176
13 298
13 295
13 179
13 180
13 181
13 419
13 392
13 184
13 423
13 380
13 417
13 188
13 408
14 205
14 191
14 192
14 193
14 424
14 195
14 196
14 473
14 198
14 199
14 200
14 201
14 202
14 203
15 205
16 205
16 206
16 207
16 413
16 209
16 210
16 387
16 212
16 287
17 229
17 250
18 229
18 250
19 250
19 229
19 220
20 229
21 229
22 229
22 224
22 225
22 250
23 227
23 228
23 229
23 230
23 231
23 280
23 233
23 234
24 454
24 404
24 237
24 238
24 272
24 370
24 417
24 420
24 302
24 387
24 416
24 246
24 247
24 399
24 249
24 250
24 251
25 454
25 253
25 254
25 255
25 312
25 295
25 258
25 423
25 404
25 417
25 379
25 396
25 264
25 265
25 266
25 267
25 268
25 269
25 270
25 271
25 272
25 273
26 274
26 454
26 387
26 277
26 278
26 279
26 280
26 281
26 282
26 283
26 284
26 285
26 286
26 287
26 288
26 423
26 397
26 291
26 292
26 374
26 294
26 295
26 296
26 408
26 298
27 454
27 324
27 423
27 302
27 303
27 304
27 305
27 306
27 307
28 454
28 309
28 423
28 311
28 312
28 313
28 314
28 315
28 381
28 380
28 318
28 319
28 417
28 404
29 454
29 323
29 324
29 325
29 326
29 345
29 380
29 329
29 330
29 473
29 332
29 333
30 454
30 335
30 336
30 380
30 338
30 339
30 340
31 454
31 423
31 343
31 344
31 345
31 346
31 347
31 348
31 349
31 350
31 351
31 404
31 353
31 473
31 355
31 380
31 357
31 396
32 359
32 360
32 361
32 454
32 363
32 387
32 365
32 366
32 423
32 473
32 369
32 370
32 371
32 372
32 373
32 374
33 454
33 376
33 423
33 378
33 379
33 380
33 381
33 382
33 408
33 384
33 417
33 386
33 387
33 388
33 389
33 390
33 391
33 392
33 393
33 394
33 395
33 396
33 397
33 398
33 399
33 413
33 401
33 402
34 472
34 404
34 405
34 406
34 407
34 408
34 409
34 410
34 411
34 412
34 413
34 414
34 415
34 416
34 417
34 418
34 419
34 420
34 421
34 422
34 423
34 424
34 425
34 426
34 427
34 428
35 472
35 430
35 431
36 472
36 433
37 472
37 435
37 436
37 437
37 438
37 439
37 440
37 441
37 442
37 443
37 444
37 445
37 446
37 447
37 448
37 449
38 472
38 451
38 452
38 466
38 454
38 470
38 468
38 457
38 458
38 459
38 460
38 461
39 472
39 463
39 464
39 465
39 466
39 467
39 468
39 469
39 470
40 472
41 472
41 473
